Case number,Prompting technique,Model,Matched,Diff found,Well formed,Functionally equivalent,BLEU score
1,zscot,llama-v3p2-90b-vision-instruct,True,False,True,True,1.0
